608
495
349
54
81
554
435
370
521
632
0
639
749
704
867
979
82
224
4
0
266
542
0
885
933
929
879
868
624
646
185
959
227
379
194
298
749
498
831
869
974
780
0
598
66
0
311
741
245
82
0
527
915
169
469
291
239
767
387
955
770
116
625
0
310
924
379
877
89
584
921
348
521
29
612
815
659
834
268
14
156
409
0
879
456
76
567
905
656
755
546
562
997
547
0
480
114
731
301
32
0
481
533
0
532
0
743
0
536
0
0
954
0
207
305
395
776
556
69
26
459
545
553
162
294
565
732
0
0
180
658
0
0
658
465
386
685
829
0
593
631
623
915
0
790
682
333
748
185
698
587
0
0
675
0
307
793
188
578
331
994
951
574
96
991
152
397
0
528
113
577
484
244
912
500
0
889
204
180
580
0
0
473
722
564
0
864
692
0
288
714
887
0
338
0
282
0
996
617
808
429
0
170
951
260
166
698
188
754
128
654
769
249
476
41
664
0
276
894
78
469
132
793
1
123
681
665
0
385
347
623
693
0
609
0
377
939
303
33
0
897
165
556
772
838
549
737
0
0
414
0
370
0
0
80
926
261
967
364
0
851
755
75
181
0
776
140
0
571
535
0
61
888
23
409
483
341
421
826
380
582
0
0
978
856
953
934
953
0
752
178
875
826
574
702
600
0
0
921
0
726
465
977
973
500
376
549
831
737
706
506
925
978
0
591
871
610
689
280
729
942
0
629
778
362
0
885
777
233
865
704
913
447
0
845
800
750
418
986
795
516
782
0
0
672
969
459
306
35
520
72
773
811
0
743
0
26
597
69
74
747
878
158
263
63
146
55
0
0
700
127
131
406
530
0
600
609
96
19
506
737
689
334
318
970
462
645
197
749
661
824
0
48
384
283
43
93
0
954
308
678
0
592
563
0
168
76
0
296
442
261
0
322
722
424
0
87
840
415
459
530
455
74
227
289
0
31
342
0
809
262
0
578
278
0
958
774
131
840
846
759
0
28
798
0
543
0
608
345
948
312
997
343
164
5
0
663
342
648
49
516
352
83
401
310
443
338
0
6
860
0
222
378
600
33
818
0
517
937
546
939
984
834
101
611
263
304
0
829
253
618
572
863
612
759
134
797
503
409
97
891
848
0
963
489
741
199
0
413
545
337
100
856
463
363
885
948
379
0
0
82
909
51
973
0
765
982
616
761
995
854
109
527
197
305
0
745
848
151
142
93
114
0
384
560
232
741
159
199
849
823
0
783
812
61
215
527
0
861
606
823
746
227
500
0
537
73
683
0
425
0
647
928
41
0
846
95
24
124
999
724
848
118
774
555
799
382
493
0
134
322
156
198
0
977
906
441
219
470
113
666
694
655
105
608
0
87
111
982
878
932
341
508
34
309
409
169
792
317
258
698
0
308
689
919
716
996
209
366
0
608
0
820
479
0
82
128
414
881
140
371
0
875
999
536
503
766
474
460
649
0
930
368
474
50
542
263
39
122
443
988
31
828
823
85
557
0
0
133
151
837
630
47
494
878
575
735
425
864
0
898
870
512
461
199
984
363
965
911
283
0
395
329
467
0
0
530
265
385
0
147
136
606
544
799
0
772
403
0
910
421
642
0
0
157
0
933
169
789
729
954
82
278
748
325
449
253
220
675
0
0
369
117
853
837
0
614
676
435
544
0
525
40
988
0
440
866
666
853
159
730
388
786
286
532
0
999
43
326
0
83
128
284
253
611
990
302
61
766
50
0
0
0
642
132
470
328
0
20
0
876
0
534
282
203
643
727
323
133
0
698
0
963
87
0
730
322
822
130
952
0
576
784
474
183
142
0
431
67
374
690
648
864
260
128
37
582
268
818
588
299
769
167
74
0
657
600
769
0
356
606
0
335
959
0
128
334
233
229
333
278
310
654
821
32
0
248
0
545
267
334
204
950
693
719
164
200
736
797
370
955
405
374
121
584
633
338
0
364
0
952
418
0
232
123
463
495
560
839
0
542
0
0
783
526
798
0
772
361
220
0
578
496
578
872
838
864
0
785
87
236
665
133
756
812
652
200
305
23
450
0
596
681
0
215
978
260
944
562
985
120
313
186
0
0
525
0
555
71
566
927
0
939
92
717
717
60
747
322
798
0
843
576
0
669
271
148
0
893
328
0
273
0
97
526
0
941
0
118
571
461
892
222
747
696
31
0
505
0
37
225
23
226
874
612
386
106
213
796
787
721
559
502
932
742
328
0
0
0
909
990
660
635
0
606
760
0
234
0
971
0
583
964
556
203
273
587
262
68
932
665
0
0
679
642
296
4
618
235
241
0
22
839
849
938
0
700
169
28
438
772
146
0
425
713
0
0
927
293
0
995
966
0
939
264
482
339
842
462
776
0
919
143
0
645
52
757
0
722
298
558
745
492
785
694
113
624
902
631
391
886
200
239
0
0
822
765
544
880
0
0
133
389
996
0
290
694
689
348
781
588
581
435
0
787
540
229
84
734
0
155
342
540
915
725
2
876
981
326
99
0
0
499
794
701
189
98
5
986
0
100
0
854
919
493
823
265
540
434
709
238
0
518
167
111
642
918
84
913
527
153
500
676
158
0
793
297
6
0
830
496
484
924
820
974
0
971
480
450
0
361
795
478
290
640
0
478
65
264
26
613
160
422
973
490
728
528
236
343
0
401
675
60
346
216
0
543
443
153
719
1
983
0
0
249
984
733
446
724
303
0
187
810
482
0
73
280
0
108
527
506
195
279
228
385
599
0
611
868
0
396
611
781
470
76
610
202
744
129
530
859
254
767
446
125
0
704
140
0
787
349
304
0
21
548
0
610
8
561
18
153
302
804
0
0
0
435
630
213
0
0
181
806
915
580
0
301
28
137
551
343
714
556
959
621
670
449
371
656
0
817
272
0
431
0
509
877
0
270
914
0
527
147
851
940
0
229
0
852
714
268
761
0
900
749
22
0
341
0
829
120
397
221
0
271
755
165
737
260
248
786
578
260
52
212
0
190
420
0
801
534
774
131
397
523
0
203
254
523
320
0
0
442
919
770
0
734
822
442
237
668
396
181
648
372
0
600
100
112
47
0
895
122
900
574
855
274
749
649
0
996
0
0
467
38
529
663
281
370
726
88
0
0
0
364
315
0
816
0
575
0
439
0
626
204
669
916
488
709
990
674
0
0
0
0
0
0
991
424
945
967
846
735
79
859
686
50
499
196
438
207
0
580
608
144
358
793
302
40
472
682
375
0
0
0
158
0
0
212
548
992
559
0
21
617
895
701
0
684
800
243
978
723
413
702
0
662
542
408
827
671
247
674
682
0
0
241
146
307
320
842
201
31
583
965
285
862
0
0
403
532
861
263
988
747
537
264
0
0
222
881
178
159
337
799
678
719
679
505
0
125
703
0
425
28
169
856
0
540
681
97
362
0
0
634
146
48
452
92
0
852
769
0
247
0
391
652
820
719
86
466
910
919
126
24
858
325
784
744
0
310
656
0
371
406
289
468
694
427
913
360
0
869
753
0
931
774
609
0
651
801
384
168
302
505
0
947
161
214
286
236
249
867
902
827
97
705
953
869
195
0
810
0
739
514
680
536
664
386
169
967
0
637
753
73
0
611
0
177
0
217
0
273
4
852
862
713
0
851
276
0
551
0
699
0
82
0
0
703
509
804
815
60
0
348
170
306
204
49
873
95
163
587
978
734
168
600
642
0
452
203
491
80
809
253
678
0
0
529
203
767
272
361
0
954
0
384
200
0
868
0
800
0
0
707
723
416
584
638
0
44
325
692
627
260
175
0
21
609
0
114
573
765
240
56
938
566
743
341
404
226
913
469
107
627
213
392
248
797
823
317
620
14
0
732
0
207
0
0
328
82
465
430
802
0
210
141
197
457
32
245
529
176
791
679
476
829
749
233
0
417
0
574
796
854
413
622
579
640
945
403
640
81
148
695
906
240
0
130
174
540
545
403
473
0
929
0
813
25
634
414
243
815
114
897
223
673
8
137
0
189
957
307
0
75
774
0
595
671
657
0
533
725
0
554
0
136
0
0
837
969
108
429
181
285
997
0
30
512
0
473
735
0
451
0
331
152
781
902
832
863
87
927
257
0
757
0
690
676
0
967
578
0
338
822
562
671
230
585
381
207
961
81
868
700
549
622
817
259
0
710
996
267
255
130
311
800
0
204
125
869
2
446
764
411
79
248
557
125
0
110
82
771
504
0
695
0
0
385
534
922
0
80
884
741
995
538
734
557
0
452
320
681
431
11
144
342
514
0
645
952
682
77
43
281
167
388
910
300
970
909
753
0
459
150
0
450
678
572
942
229
261
541
313
0
773
627
876
243
615
533
728
0
552
667
571
0
668
711
559
0
617
103
8
436
179
708
420
360
511
376
865
0
0
0
564
562
533
517
583
768
230
346
735
953
0
60
817
882
261
0
573
922
912
0
155
47
306
491
295
436
728
50
363
926
494
78
0
0
301
916
6
93
112
0
308
488
647
196
810
671
965
392
167
351
0
538
359
557
0
