569
847
487
277
384
432
224
220
819
544
864
209
486
931
565
414
155
160
958
453
234
453
705
357
402
105
583
120
411
285
589
446
596
218
563
518
168
371
131
873
343
234
744
751
229
394
460
558
246
435
226
502
537
675
304
176
668
771
277
324
422
356
643
528
920
356
713
588
486
477
534
519
554
835
422
295
290
29
482
679
227
287
159
413
482
554
203
326
119
502
579
210
223
360
666
175
612
304
675
478
785
650
580
951
409
381
490
523
356
416
508
345
443
544
589
687
304
543
417
401
884
583
396
821
386
113
452
600
616
141
137
96
653
401
247
145
494
612
486
424
389
175
656
305
432
442
695
560
625
407
757
511
648
621
368
375
366
478
332
666
184
461
333
445
664
450
477
417
279
419
437
642
730
369
670
470
288
774
579
181
500
377
768
427
217
400
385
745
485
445
717
555
762
209
509
370
364
424
465
719
532
753
485
740
95
350
255
994
701
350
640
528
371
724
637
534
881
424
285
475
415
49
417
898
330
222
801
944
691
372
424
225
256
652
655
694
314
519
478
513
544
762
552
773
280
465
459
236
420
719
165
862
170
304
347
602
281
953
535
498
25
593
649
288
594
303
491
507
506
509
667
105
747
713
587
625
754
573
639
489
588
452
486
482
426
668
554
746
183
751
412
412
487
243
934
240
203
428
551
473
699
473
525
640
624
325
408
488
146
532
420
213
489
98
803
97
483
249
636
168
367
676
471
379
146
455
387
227
342
685
579
758
195
619
789
471
733
404
679
590
427
575
479
388
414
510
379
641
199
468
720
175
307
381
441
440
402
569
837
697
534
752
448
572
729
476
496
464
284
878
665
685
567
737
217
953
514
567
78
297
513
417
854
566
341
685
656
482
484
478
505
206
104
803
530
253
333
450
476
299
840
531
303
439
621
452
656
283
511
680
289
222
505
340
627
168
600
356
529
97
670
468
543
289
228
605
314
700
287
317
737
644
934
425
462
760
216
330
616
114
567
501
547
482
522
472
531
181
541
265
552
367
247
508
583
542
797
608
292
510
313
384
327
434
441
843
512
233
306
570
717
436
888
683
474
362
546
279
353
204
592
885
628
565
579
829
452
702
356
746
362
821
155
547
285
513
209
238
435
603
751
753
557
588
364
810
755
768
772
646
315
887
482
519
929
579
535
674
639
555
524
515
612
825
651
375
195
139
733
245
278
633
929
401
760
560
160
695
748
289
653
356
340
227
388
364
743
695
654
256
361
838
543
813
336
410
307
604
413
401
938
337
602
433
266
555
465
399
424
50
572
830
761
266
435
307
680
361
478
224
489
573
680
485
756
726
593
719
554
165
497
627
525
720
138
587
464
587
407
951
25
519
528
735
815
604
397
147
946
715
691
176
534
587
521
463
487
541
168
482
237
699
400
387
504
681
544
281
563
421
418
796
434
362
963
328
117
342
388
563
326
250
577
344
524
524
406
473
626
616
263
725
536
527
88
223
390
768
579
335
726
250
635
208
535
532
540
379
524
263
676
791
267
774
337
168
725
607
306
428
228
574
346
791
727
402
892
209
259
940
705
633
418
350
214
574
754
723
195
371
358
716
714
491
342
388
384
369
631
429
614
580
256
602
429
239
672
689
458
379
189
538
430
877
311
539
291
825
526
670
785
529
687
539
938
344
368
647
532
511
631
670
140
725
597
520
386
546
861
745
253
332
819
627
843
626
452
378
710
529
376
74
489
420
877
358
785
356
706
335
306
420
625
651
621
605
712
723
649
662
518
103
796
242
590
523
581
541
367
58
438
83
703
647
381
530
153
515
387
743
448
701
730
538
397
853
244
405
299
641
548
366
939
227
423
484
365
567
817
706
187
570
748
228
408
854
432
546
614
549
380
402
216
322
564
311
204
376
521
796
103
808
867
736
481
780
778
604
392
911
724
890
184
738
840
56
509
214
703
740
481
519
584
630
601
347
507
379
256
398
475
583
599
551
560
611
664
830
168
803
250
295
428
311
375
255
583
226
916
567
418
517
405
652
643
481
702
267
550
161
721
340
755
797
185
240
476
371
682
504
644
809
587
499
639
620
431
785
405
579
590
533
456
599
210
86
340
477
415
949
413
672
525
518
582
454
843
706
94
549
323
620
227
221
666
440
69
439
546
586
281
626
157
582
136
443
525
905
281
681
179
487
699
411
315
258
624
365
455
519
512
460
402
264
784
372
536
850
440
231
723
362
321
488
672
602
749
480
333
628
206
467
609
448
514
427
486
536
333
464
357
306
284
529
265
507
598
220
662
391
605
503
283
415
334
360
468
416
589
512
434
230
451
221
598
431
545
364
728
539
442
482
433
362
547
624
157
529
488
429
255
315
454
530
406
750
690
473
145
250
387
575
255
236
466
330
875
451
671
411
144
569
555
517
429
558
601
487
379
584
583
89
848
878
304
694
338
250
934
428
410
222
642
866
384
553
780
478
273
598
537
243
474
463
189
452
639
414
275
667
547
391
149
237
517
959
836
876
542
742
504
313
457
609
218
402
332
491
177
282
878
387
708
736
564
433
801
252
529
41
635
485
504
555
605
602
213
870
561
911
869
517
334
503
495
557
536
616
211
370
212
233
506
580
488
594
253
808
337
100
325
862
602
770
331
759
784
619
737
554
564
386
201
246
584
530
498
814
171
14
665
636
490
369
736
345
590
517
513
533
619
399
215
763
253
187
719
651
650
387
643
243
116
652
589
480
589
657
753
695
709
285
283
286
548
936
473
194
881
357
614
720
149
508
578
338
328
158
539
669
804
497
498
496
672
440
613
430
476
413
319
450
416
813
538
286
402
548
683
579
602
443
515
738
695
592
600
371
390
624
573
636
539
632
296
374
533
536
586
585
292
649
425
913
879
145
631
637
487
454
567
232
207
630
236
305
160
407
249
121
585
227
872
555
216
218
508
274
764
528
363
613
231
758
634
516
565
758
911
558
839
763
220
550
923
674
678
613
880
560
377
415
860
559
776
444
356
541
110
774
294
157
462
592
763
366
839
812
667
406
509
427
769
485
197
669
444
602
579
107
417
574
402
869
563
613
822
797
423
693
653
929
567
572
439
642
457
582
82
366
484
683
472
834
372
468
155
432
640
384
617
823
78
422
568
309
572
781
583
579
636
910
799
372
240
238
621
651
494
546
286
122
319
241
715
845
748
491
511
704
402
476
286
745
355
375
513
551
249
530
282
637
525
667
506
684
537
577
733
557
492
299
365
467
51
828
233
403
604
490
579
359
656
364
592
386
898
276
916
286
516
422
594
650
594
594
756
688
692
376
500
208
333
293
698
964
415
308
890
472
771
419
493
469
79
657
100
211
280
645
123
281
712
360
559
811
686
635
230
700
719
401
359
93
909
395
824
517
492
539
233
177
369
667
537
184
392
540
665
418
743
375
456
308
499
996
413
249
364
691
322
582
280
311
287
875
670
637
588
312
527
430
559
451
598
414
609
560
544
217
648
452
240
564
343
449
598
490
657
326
423
473
381
430
342
278
263
458
568
780
133
653
581
524
952
991
374
476
850
203
646
610
315
110
331
478
251
179
392
509
967
409
793
715
495
886
565
932
516
406
567
396
359
839
209
742
850
468
738
827
388
494
264
529
366
446
794
426
353
436
251
757
479
293
611
234
490
817
568
300
679
290
676
511
643
203
546
946
412
287
173
313
270
247
202
500
774
437
760
586
241
392
241
260
105
639
571
807
801
720
213
269
574
966
603
125
466
496
450
567
265
426
616
238
258
895
587
516
688
537
108
309
791
400
624
305
133
595
534
632
536
295
396
397
737
548
566
930
706
559
352
574
560
895
259
453
566
800
110
559
689
562
526
553
173
813
721
853
795
557
468
508
254
779
227
626
549
627
894
557
328
575
253
425
775
630
318
689
367
614
689
852
583
321
543
494
483
657
296
680
805
476
680
484
762
635
730
454
456
238
373
449
708
369
597
858
578
435
586
412
673
465
368
826
526
807
427
741
563
770
542
292
532
368
751
571
395
601
800
933
880
823
621
337
98
777
323
603
776
310
84
516
358
574
571
484
79
459
711
339
459
721
505
661
551
552
238
603
481
156
571
367
644
436
600
381
435
855
727
430
257
120
492
469
596
165
574
366
723
138
372
567
464
370
603
471
260
552
634
813
339
738
576
468
901
366
718
815
629
832
441
724
367
445
617
495
805
277
336
601
215
300
573
255
571
484
592
360
716
198
722
736
611
228
742
905
362
631
568
751
761
366
558
433
620
264
302
642
390
719
572
630
269
688
658
327
453
504
235
519
708
296
430
321
159
837
215
701
153
698
124
434
640
592
723
260
669
218
343
830
504
504
671
35
120
204
194
519
423
426
962
565
304
594
620
152
444
263
179
342
342
785
414
581
519
290
82
501
815
667
607
136
814
268
562
227
605
568
717
890
134
497
425
602
939
585
845
210
685
670
408
686
429
201
230
510
972
824
506
121
744
82
503
730
605
62
559
402
358
427
435
412
541
580
491
492
398
825
866
684
