497
801
79
709
986
927
119
610
27
845
138
202
996
482
132
115
39
909
300
352
252
187
760
405
355
91
749
766
364
903
842
917
221
975
304
762
87
206
468
805
635
728
860
426
139
969
637
561
201
203
118
562
237
184
72
419
988
213
136
338
743
301
484
453
95
530
954
174
15
897
833
309
947
28
991
950
704
150
9
378
505
903
201
809
497
808
234
370
56
982
708
750
802
682
757
452
831
902
98
226
178
389
452
714
576
594
570
287
665
706
548
154
25
143
572
149
665
186
189
5
185
465
978
189
957
648
214
311
276
310
212
621
559
180
355
604
96
415
579
196
957
506
102
1
911
529
744
191
164
630
862
465
280
93
606
147
589
631
454
535
173
734
176
421
418
347
13
855
297
463
225
98
646
485
247
48
920
957
593
518
822
50
175
231
623
19
283
108
999
477
264
934
259
457
349
666
444
195
616
293
728
272
33
317
352
693
910
136
848
840
699
495
60
876
381
423
915
636
31
147
209
277
74
741
73
401
443
711
48
555
750
526
146
273
62
716
542
315
778
586
297
875
999
771
989
894
496
124
85
495
606
430
736
719
229
442
831
986
940
110
579
492
606
534
443
10
130
203
400
416
199
79
825
664
483
95
0
139
259
519
187
108
160
742
750
669
709
676
168
850
348
531
694
66
158
923
131
550
447
230
714
109
363
420
335
625
750
570
190
40
950
550
880
651
824
989
242
751
586
420
909
670
701
29
92
309
950
561
530
216
617
675
191
493
396
920
264
519
635
138
943
373
296
526
946
872
924
120
714
203
1
769
894
252
516
800
462
778
529
170
9
448
469
194
592
187
578
781
837
288
757
970
333
809
929
729
572
720
415
568
141
178
403
760
324
618
875
867
31
761
736
852
398
545
241
962
471
869
43
672
891
499
101
732
526
75
168
601
882
205
124
470
926
745
606
257
577
720
786
66
11
839
294
112
333
418
431
767
913
666
234
55
618
70
236
644
12
879
494
535
776
711
132
441
239
33
922
193
211
76
939
606
771
41
273
908
955
67
804
429
792
374
840
336
948
243
457
503
731
202
433
504
894
69
245
579
564
219
534
453
359
903
732
966
533
894
105
279
501
362
264
191
143
217
22
31
663
110
171
767
993
660
453
601
176
849
562
955
840
67
958
707
282
394
827
592
260
447
685
464
309
839
215
852
332
646
947
934
179
278
815
268
380
680
215
487
190
536
912
442
979
241
435
432
724
785
846
156
901
135
40
363
831
48
486
542
854
890
797
380
748
512
839
952
845
220
57
219
659
844
8
245
813
269
673
344
60
560
913
446
587
406
333
271
153
164
415
190
61
124
328
396
729
983
305
792
214
517
254
513
862
972
234
274
782
41
69
492
301
242
434
556
792
634
806
108
734
470
878
184
472
921
896
11
624
329
85
476
110
233
127
307
703
463
252
864
317
394
82
885
942
851
975
289
430
611
933
721
675
499
454
683
737
194
548
885
289
847
360
572
352
559
221
717
920
144
751
507
841
218
599
406
819
201
470
130
52
634
938
42
423
709
222
171
393
84
29
799
513
758
766
702
62
581
975
859
788
428
159
554
550
782
972
41
370
228
506
969
741
870
501
66
799
409
133
121
333
331
804
340
380
825
556
609
68
349
297
154
707
956
1
435
618
345
263
442
555
582
590
947
57
950
141
456
298
946
756
277
329
169
879
226
516
387
508
804
938
398
393
224
685
252
640
672
129
562
468
319
617
814
162
543
491
691
991
272
733
668
325
579
704
675
975
439
347
73
213
818
461
619
28
17
245
314
261
332
695
887
408
230
122
775
402
606
851
246
284
139
2
782
1
707
644
592
516
614
49
1
488
461
404
304
947
899
142
257
937
968
561
536
8
233
699
3
686
373
862
622
599
640
738
913
624
513
662
278
557
913
891
509
158
407
292
716
310
584
237
743
374
475
281
320
602
958
502
537
275
530
511
674
879
370
654
418
511
80
680
776
67
229
754
776
211
624
211
150
453
149
992
923
213
774
718
464
50
435
718
587
120
853
405
936
666
246
220
56
902
992
198
773
187
70
381
532
685
510
861
570
801
834
114
991
650
136
173
277
552
305
643
306
486
535
879
474
84
125
503
640
627
508
109
0
804
431
377
748
624
308
897
366
533
25
116
67
833
227
384
270
46
940
219
579
319
105
139
494
606
97
963
327
937
89
364
695
443
378
854
610
893
432
968
393
393
797
594
927
813
915
447
109
102
308
457
48
295
609
317
254
121
910
478
701
115
686
346
917
880
605
195
8
127
793
770
187
33
0
420
900
743
199
532
604
41
157
479
502
73
236
697
13
948
189
238
973
252
317
791
593
212
755
932
981
196
697
144
111
40
93
130
575
613
275
186
160
714
643
263
191
568
898
209
116
185
193
259
467
972
314
258
28
230
181
385
760
134
486
504
254
613
166
720
150
409
505
78
970
828
734
226
628
900
215
531
483
905
603
861
439
329
69
273
152
548
543
790
645
374
538
893
129
952
394
619
861
831
51
966
840
966
291
276
508
741
488
932
438
689
883
393
97
213
523
658
78
856
615
698
834
823
264
632
602
633
557
270
494
473
988
912
669
50
73
301
615
606
624
509
273
384
190
413
735
340
535
676
700
216
688
658
168
33
746
841
527
375
775
284
709
210
711
174
736
556
134
844
393
564
16
228
645
91
259
77
960
361
31
110
592
841
520
840
697
8
897
876
90
945
848
378
483
552
903
509
693
336
548
325
712
573
142
949
39
105
429
312
229
5
545
909
698
955
761
457
972
81
740
384
222
291
541
243
976
459
796
599
976
839
591
388
807
321
734
404
684
707
604
480
781
629
677
953
547
842
698
560
516
562
309
558
334
990
565
314
896
939
118
117
503
639
529
282
521
114
552
881
557
907
632
411
51
378
488
919
984
532
126
286
971
972
10
491
85
477
491
164
478
197
739
399
642
319
827
579
903
380
781
658
323
276
386
489
97
947
86
797
948
469
64
371
438
623
178
853
793
386
100
730
92
871
940
521
165
672
910
60
916
984
197
811
863
249
147
797
197
853
686
175
597
906
635
602
33
594
353
557
392
747
913
10
181
455
966
57
639
882
322
963
88
994
182
32
330
922
547
912
781
790
28
660
334
5
404
851
929
532
959
179
31
918
15
650
200
125
393
164
492
701
50
213
834
956
388
40
7
63
683
104
250
124
356
209
443
954
631
686
492
370
953
551
744
203
481
894
352
234
637
590
839
244
995
385
189
303
188
647
380
733
219
421
84
484
347
73
403
159
150
600
248
504
153
434
302
67
767
465
220
936
840
457
414
728
358
685
39
450
354
104
485
983
43
379
981
985
209
890
79
425
57
734
584
957
660
480
968
283
966
297
125
216
201
934
749
412
971
781
869
977
256
212
575
384
672
849
594
9
475
321
328
836
17
18
28
41
297
448
625
449
673
451
258
363
48
574
441
928
925
942
130
839
15
851
188
914
282
612
188
44
823
583
197
718
377
296
381
13
303
424
978
760
550
952
986
884
433
303
645
477
492
86
946
693
273
580
45
595
444
212
22
218
691
846
123
742
797
898
374
887
160
104
748
765
52
770
685
802
19
225
529
935
720
165
270
858
944
504
22
331
425
656
987
858
130
302
753
549
534
688
834
569
633
791
536
867
595
395
118
179
533
344
219
475
46
935
107
132
332
363
539
990
848
253
660
566
741
311
137
132
834
277
807
977
976
932
450
930
33
281
648
637
140
116
4
185
218
7
656
418
531
827
545
879
12
93
639
275
720
878
239
236
644
281
302
188
491
667
647
737
115
273
878
248
805
23
359
19
822
711
151
511
263
369
95
346
996
183
92
622
71
693
426
833
753
992
195
445
41
494
890
925
628
646
265
695
230
74
801
766
48
7
274
603
49
311
234
238
331
560
521
13
733
189
800
220
525
698
588
259
375
766
135
944
282
818
923
478
653
458
736
780
576
382
367
220
470
419
595
572
975
503
697
530
559
853
534
739
292
666
212
436
305
770
515
691
213
713
562
834
90
626
354
822
284
15
821
846
760
171
451
811
114
107
859
100
157
492
32
392
676
651
329
906
640
737
462
918
413
207
346
989
68
715
9
224
138
222
290
235
83
450
77
264
436
521
597
490
412
359
502
698
930
182
887
85
974
594
195
175
849
670
754
87
203
906
862
514
129
936
52
664
689
776
955
276
105
104
673
280
183
818
588
669
266
477
477
206
248
276
457
483
29
530
569
793
970
513
484
166
994
955
772
867
341
489
982
46
441
545
919
479
150
474
668
621
309
70
744
576
965
787
478
590
198
160
382
49
576
791
386
234
33
100
532
142
567
14
142
269
88
865
194
486
39
23
793
956
147
441
560
733
544
399
857
996
329
784
661
718
686
829
464
735
831
251
232
765
689
510
977
440
621
799
214
314
838
844
517
866
943
383
907
292
875
338
43
805
564
153
418
651
324
125
225
533
846
259
906
410
445
847
439
5
743
752
183
649
409
985
994
272
976
